2854968
3043303
3052233
3126885
3253588
3340515
3347222
3374461
3418430
3432657
3442263
3465103
3535067
3542012
3551778
3552381
3576554
3583392
3593703
3597742
3619568
3621290
3638642
3652999
3658054
3667213
3679875
3693166
3717140
3717141
3727190
3737863
3753245
3767859
3778774
3781092
3794982
3807392
3808354
3815109
3829844
3839708
3843924
3846704
3861044
3870035
3903873
3909203
3925644
3934226
3940742
3946159
3953803
3973725
4068096
4068097
4083366
4085407
4091803
4096854
4100542
4129124
4135241
4150782
4162500
4170226
4177800
4178916
4181134
4202350
4228506
4230125
4239048
4241739
4249538
4250890
4252128
4259948
4277828
4279257
4280506
4281666
4299235
4305401
4307727
4310003
4319241
4324546
4326539
4337529
4345334
4347851
4351679
4353626
4356475
4356486
4357944
4378022
4403341
4406290
4409652
4409669
4411626
4443851
4445516
4459992
4469107
4473081
4485439
4525775
4537202
4573475
4592018
4596256
4598700
4628928
4635296
4654701
4662378
4666408
4678894
4679566
4709704
4712179
4712565
4715385
4720788
4722349
4723555
4737912
4752880
4754401
4790326
4804950
4807639
4809705
4834070
4847694
4872599
4875477
4878501
4894728
4895161
4907191
4959796
4966154
4979949
5025808
5027825
5031629
5036462
5038800
5082001
5101476
5140518
5158095
5161222
5164898
5167230
5171977
5187579
5187673
5191524
5215097
5224035
5236432
5249122
5265616
5270530
5274550
5276611
5284152
5292029
5293313
5301319
5311879
5339154
5341292
5343869
5345944
5349538
5355889
5355892
5355895
5357294
5357970
5361203
5383461
5392783
5398685
5416819
5437024
5437838
5442728
5452337
5464017
5467090
5467775
5468222
5469850
5473536
5490516
5492117
5497336
5498034
5509927
5515449
5517251
5528323
5528492
5538006
5546942
5551428
5552842
5562596
5566096
5568126
5572422
5579378
5590165
5596653
5597182
5598185
5605153
5607460
5609156
5615685
5617868
5618245
5618441
5619990
5623586
5632282
5633166
5653241
5657514
5670944
5671734
5674252
5675760
5685314
5692502
5697369
5697960
5704363
5718235
5722408
5735799
5743859
5745034
5745268
5749366
5752913
5759156
5766131
5772599
5778893
5781511
5781890
5795301
5798267
5805160
5807271
5812397
5818467
5823196
5830135
5845269
5852528
5853377
5857465
5860918
5865762
5891046
5894584
5899866
5911133
5914991
5915380
5915386
5928168
5930791
5931669
5936539
5950002
5960443
5967981
5986568
5990932
5995077
5997528
6010496
6014578
6016442
6021404
6024089
6030341
6037940
6038780
6044293
6044301
6045527
6048310
6049729
6063036
6077223
6078947
6080111
6080850
6086576
6086598
6096025
6106512
6108571
6115489
6115622
6117126
6128002
6128400
6128492
6138079
6139494
6140957
6142934
6149587
6151521
6154706
6159155
6163718
6165129
